1787994603
1787994603
1787994932
1787994932
1787994932
1787994932
1787994932
1787994932
1787994932
1787994932
1787994932
1787994932
1787994932
1787994933
1787994933
1787994933
1787994933
1787994933
1787994933
1787994933
1787994933
1787994933
1787994971
1787994971
1787994971
1787994971
1787994971
1787994972
1787994972
1787994972
1787994972
1787994972
1787994972
1787994973
1787994973
1787994973
1787994973
1787994973
1787994973
1787994974
1787994974
1787994974
1787995020
1787995165
1787995185
1787995185
1787995213
1787995213
1787995270
1787995270
1787995309
1787995309
1787995349
1787995349
1787995383
1787995383
1787995435
1787995435
1787995476
1787995476
1787995532
1787995532
1787995549
